Account Number , Transaction Date , Credit Amount  , Debit Amount , Closing Balance 
59072024340,04-12-2022,               ,1.2,16.03
59072024340,28-12-2022,28103,               ,28119.03
59072024340,28-12-2022,               ,28103,16.03
59072024340,28-12-2022,500,               ,516.03
59072024340,28-12-2022,               ,500,16.03
59072024340,30-12-2022,1200,               ,1216.03
59072024340,31-12-2022,               ,630,586.03
59072024340,01-01-2023,               ,420,166.03
59072024340,04-01-2023,600,               ,766.03
59072024340,04-01-2023,10,               ,776.03
59072024340,04-01-2023,3000,               ,3776.03
59072024340,04-01-2023,               ,1479.16,2296.87
59072024340,04-01-2023,               ,1223.85,1073.02
59072024340,05-01-2023,               ,930,143.02
59072024340,05-01-2023,1900,               ,2043.02
59072024340,06-01-2023,               ,370,1673.02
59072024340,06-01-2023,               ,20,1653.02
59072024340,08-01-2023,               ,670,983.02
59072024340,09-01-2023,               ,161.1,821.92
59072024340,09-01-2023,2000,               ,2821.92
59072024340,10-01-2023,               ,150,2671.92
59072024340,10-01-2023,1100,               ,3771.92
59072024340,10-01-2023,292,               ,4063.92
59072024340,11-01-2023,               ,575,3488.92
59072024340,11-01-2023,               ,3248,240.92
59072024340,21-01-2023,26000,               ,26240.92
59072024340,21-01-2023,               ,1800,24440.92
59072024340,21-01-2023,               ,333,24107.92
59072024340,21-01-2023,               ,420,23687.92
59072024340,22-01-2023,700,               ,24387.92
59072024340,22-01-2023,               ,2000,22387.92
59072024340,22-01-2023,1,               ,22388.92
59072024340,22-01-2023,               ,500,21888.92
59072024340,22-01-2023,               ,14327,7561.92
59072024340,23-01-2023,               ,1000,6561.92
59072024340,23-01-2023,               ,100,6461.92
59072024340,23-01-2023,16321.28,               ,22783.2
59072024340,24-01-2023,               ,15987.75,6795.45
59072024340,24-01-2023,               ,2300,4495.45
59072024340,24-01-2023,1500,               ,5995.45
59072024340,24-01-2023,500,               ,6495.45
59072024340,24-01-2023,               ,45,6450.45
59072024340,24-01-2023,               ,100,6350.45
59072024340,25-01-2023,               ,2500,3850.45
59072024340,26-01-2023,               ,150,3700.45
59072024340,26-01-2023,               ,2000,1700.45
59072024340,26-01-2023,2000,               ,3700.45
59072024340,26-01-2023,17000,               ,20700.45
59072024340,26-01-2023,1000,               ,21700.45
59072024340,26-01-2023,1000,               ,22700.45
59072024340,26-01-2023,               ,22200,500.45
59072024340,26-01-2023,               ,5.9,494.55
59072024340,27-01-2023,               ,150,344.55
59072024340,27-01-2023,               ,200,144.55
59072024340,27-01-2023,               ,144,0.55
59072024340,09-02-2023,2000,               ,2000.55
59072024340,10-02-2023,               ,2000,0.55
59072024340,11-02-2023,2000,               ,2000.55
59072024340,15-02-2023,               ,500,1500.55
59072024340,15-02-2023,               ,1500,0.55
59072024340,02-03-2023,479,               ,479.55
59072024340,02-03-2023,               ,200,279.55
59072024340,03-03-2023,               ,279,0.55
59072024340,11-03-2023,2000,               ,2000.55
59072024340,12-03-2023,500,               ,2500.55
59072024340,13-03-2023,               ,1000,1500.55
59072024340,13-03-2023,               ,1500,0.55
59072024340,27-03-2023,100000,               ,100000.55
59072024340,27-03-2023,               ,50000,50000.55
59072024340,27-03-2023,               ,8.85,49991.7
59072024340,27-03-2023,               ,49000,991.7
59072024340,27-03-2023,               ,8.85,982.85
59072024340,28-03-2023,100000,               ,100982.85
59072024340,28-03-2023,               ,100000,982.85
59072024340,28-03-2023,               ,8.85,974
59072024340,28-03-2023,240,               ,1214
59072024340,29-03-2023,100000,               ,101214
59072024340,29-03-2023,               ,100000,1214
59072024340,29-03-2023,               ,8.85,1205.15
59072024340,29-03-2023,               ,1200,5.15
59072024340,31-03-2023,7,               ,12.15
59072024340,06-04-2023,100000,               ,100012.15
59072024340,07-04-2023,               ,100000,12.15
59072024340,10-04-2023,100000,               ,100012.15
59072024340,10-04-2023,1,               ,100013.15
59072024340,11-04-2023,               ,100000,13.15
59072024340,11-04-2023,1,               ,14.15
59072024340,12-04-2023,1909.14,               ,1923.29
59072024340,12-04-2023,100000,               ,101923.29
59072024340,12-04-2023,               ,100000,1923.29
59072024340,12-04-2023,               ,1800,123.29
59072024340,13-04-2023,               ,110,13.29
59072024340,13-04-2023,100000,               ,100013.29
59072024340,14-04-2023,               ,20000,80013.29
59072024340,14-04-2023,               ,20000,60013.29
59072024340,14-04-2023,               ,20000,40013.29
59072024340,14-04-2023,               ,20000,20013.29
59072024340,14-04-2023,               ,19890,123.29
59072024340,20-04-2023,               ,4.8,118.49
59072024340,24-04-2023,1,               ,119.49
59072024340,24-04-2023,100000,               ,100119.49
59072024340,25-04-2023,               ,20000,80119.49
59072024340,25-04-2023,               ,20000,60119.49
59072024340,25-04-2023,               ,20000,40119.49
59072024340,25-04-2023,               ,20000,20119.49
59072024340,25-04-2023,               ,20000,119.49
59072024340,25-04-2023,850,               ,969.49
59072024340,25-04-2023,100000,               ,100969.49
59072024340,25-04-2023,               ,50000,50969.49
59072024340,25-04-2023,               ,8.85,50960.64
59072024340,25-04-2023,               ,50000,960.64
59072024340,25-04-2023,               ,8.85,951.79
59072024340,26-04-2023,850,               ,1801.79
59072024340,27-04-2023,               ,1800,1.79
59072024340,28-04-2023,25000,               ,25001.79
59072024340,28-04-2023,               ,20000,5001.79
59072024340,28-04-2023,               ,5000,1.79
59072024340,04-05-2023,16000,               ,16001.79
59072024340,04-05-2023,               ,16000,1.79
59072024340,06-05-2023,881.41,               ,883.2
59072024340,06-05-2023,               ,700,183.2
59072024340,12-05-2023,3200,               ,3383.2
59072024340,13-05-2023,5000,               ,8383.2
59072024340,14-05-2023,               ,250,8133.2
59072024340,14-05-2023,               ,340,7793.2
59072024340,14-05-2023,               ,60,7733.2
59072024340,15-05-2023,               ,843,6890.2
59072024340,15-05-2023,               ,30,6860.2
59072024340,16-05-2023,               ,6800,60.2
59072024340,29-05-2023,143,               ,203.2
59072024340,01-06-2023,138,               ,341.2
59072024340,01-06-2023,1000,               ,1341.2
59072024340,01-06-2023,4000,               ,5341.2
59072024340,02-06-2023,               ,221,5120.2
59072024340,02-06-2023,               ,1301,3819.2
59072024340,02-06-2023,               ,2000,1819.2
59072024340,05-06-2023,35,               ,1854.2
59072024340,06-06-2023,1,               ,1855.2
59072024340,06-06-2023,70000,               ,71855.2
59072024340,06-06-2023,               ,70000,1855.2
59072024340,06-06-2023,               ,8.85,1846.35
59072024340,06-06-2023,               ,177,1669.35
59072024340,09-06-2023,5400,               ,7069.35
59072024340,09-06-2023,               ,5400,1669.35
59072024340,10-06-2023,50,               ,1719.35
59072024340,10-06-2023,5000,               ,6719.35
59072024340,10-06-2023,               ,6719,0.35
59072024340,11-06-2023,20000,               ,20000.35
59072024340,11-06-2023,4000,               ,24000.35
59072024340,11-06-2023,100,               ,24100.35
59072024340,11-06-2023,100,               ,24200.35
59072024340,11-06-2023,1012,               ,25212.35
59072024340,12-06-2023,500,               ,25712.35
59072024340,13-06-2023,303.59,               ,26015.94
59072024340,13-06-2023,               ,300,25715.94
59072024340,13-06-2023,40000,               ,65715.94
59072024340,13-06-2023,               ,20000,45715.94
59072024340,13-06-2023,               ,20000,25715.94
59072024340,14-06-2023,               ,9000,16715.94
59072024340,14-06-2023,293.8,               ,17009.74
59072024340,14-06-2023,               ,300,16709.74
59072024340,14-06-2023,               ,15000,1709.74
59072024340,14-06-2023,               ,490,1219.74
59072024340,14-06-2023,10000,               ,11219.74
59072024340,14-06-2023,               ,5000,6219.74
59072024340,14-06-2023,1,               ,6220.74
59072024340,14-06-2023,10000,               ,16220.74
59072024340,14-06-2023,               ,16000,220.74
59072024340,16-06-2023,2600,               ,2820.74
59072024340,17-06-2023,               ,110,2710.74
59072024340,17-06-2023,               ,160,2550.74
59072024340,18-06-2023,1300,               ,3850.74
59072024340,21-06-2023,               ,1430,2420.74
59072024340,21-06-2023,               ,310,2110.74
59072024340,21-06-2023,               ,1000,1110.74
59072024340,21-06-2023,               ,1000,110.74
59072024340,21-06-2023,               ,100,10.74
59072024340,22-06-2023,10000,               ,10010.74
59072024340,22-06-2023,               ,4000,6010.74
59072024340,22-06-2023,               ,3000,3010.74
59072024340,22-06-2023,5000,               ,8010.74
59072024340,22-06-2023,               ,3000,5010.74
59072024340,23-06-2023,100000,               ,105010.74
59072024340,23-06-2023,               ,100000,5010.74
59072024340,23-06-2023,               ,8.85,5001.89
59072024340,24-06-2023,550,               ,5551.89
59072024340,24-06-2023,               ,60,5491.89
59072024340,25-06-2023,               ,588.82,4903.07
59072024340,26-06-2023,600,               ,5503.07
59072024340,26-06-2023,               ,5500,3.07
59072024340,26-06-2023,66000,               ,66003.07
59072024340,26-06-2023,               ,20000,46003.07
59072024340,26-06-2023,               ,20000,26003.07
59072024340,26-06-2023,               ,20000,6003.07
59072024340,26-06-2023,               ,6000,3.07
59072024340,26-06-2023,310,               ,313.07
59072024340,26-06-2023,5000,               ,5313.07
59072024340,26-06-2023,               ,5300,13.07
59072024340,28-06-2023,280,               ,293.07
59072024340,30-06-2023,43,               ,336.07
59072024340,03-07-2023,50000,               ,50336.07
59072024340,03-07-2023,               ,20000,30336.07
59072024340,03-07-2023,               ,20000,10336.07
59072024340,03-07-2023,               ,10000,336.07
59072024340,04-07-2023,               ,300,36.07
59072024340,05-07-2023,1700,               ,1736.07
59072024340,05-07-2023,200,               ,1936.07
59072024340,05-07-2023,86680,               ,88616.07
59072024340,05-07-2023,               ,20000,68616.07
59072024340,05-07-2023,               ,20000,48616.07
59072024340,05-07-2023,               ,20000,28616.07
59072024340,05-07-2023,               ,20000,8616.07
59072024340,05-07-2023,               ,2000,6616.07
59072024340,06-07-2023,               ,1000,5616.07
59072024340,07-07-2023,               ,1000,4616.07
59072024340,07-07-2023,               ,500,4116.07
59072024340,07-07-2023,               ,1547,2569.07
59072024340,07-07-2023,979.35,               ,3548.42
59072024340,08-07-2023,               ,1000,2548.42
59072024340,09-07-2023,1000,               ,3548.42
59072024340,09-07-2023,2000,               ,5548.42
59072024340,09-07-2023,               ,190,5358.42
59072024340,09-07-2023,               ,120,5238.42
59072024340,10-07-2023,               ,17,5221.42
59072024340,10-07-2023,               ,1000,4221.42
59072024340,10-07-2023,               ,1463,2758.42
59072024340,10-07-2023,               ,1150,1608.42
59072024340,11-07-2023,               ,1600,8.42
59072024340,18-07-2023,59000,               ,59008.42
59072024340,19-07-2023,               ,20000,39008.42
59072024340,19-07-2023,               ,20000,19008.42
59072024340,19-07-2023,               ,19000,8.42
59072024340,20-07-2023,50000,               ,50008.42
59072024340,20-07-2023,               ,20000,30008.42
59072024340,20-07-2023,               ,20000,10008.42
59072024340,20-07-2023,               ,10000,8.42
59072024340,23-07-2023,800,               ,808.42
59072024340,23-07-2023,200,               ,1008.42
59072024340,23-07-2023,               ,100,908.42
59072024340,23-07-2023,               ,599.7,308.72
59072024340,24-07-2023,               ,21.6,287.12
59072024340,31-07-2023,510,               ,797.12
59072024340,31-07-2023,               ,600,197.12
59072024340,31-07-2023,               ,100,97.12
59072024340,01-08-2023,               ,20,77.12
59072024340,01-08-2023,2100,               ,2177.12
59072024340,01-08-2023,               ,2100,77.12
59072024340,07-08-2023,90000,               ,90077.12
59072024340,07-08-2023,               ,20000,70077.12
59072024340,07-08-2023,               ,20000,50077.12
59072024340,07-08-2023,               ,20000,30077.12
59072024340,07-08-2023,               ,20000,10077.12
59072024340,07-08-2023,               ,5000,5077.12
59072024340,10-08-2023,               ,5000,77.12
59072024340,11-08-2023,6000,               ,6077.12
59072024340,11-08-2023,               ,6000,77.12
59072024340,12-08-2023,               ,77,0.12
59072024340,14-08-2023,100,               ,100.12
59072024340,16-08-2023,               ,100,0.12
59072024340,18-08-2023,50000,               ,50000.12
59072024340,18-08-2023,               ,20000,30000.12
59072024340,18-08-2023,               ,20000,10000.12
59072024340,18-08-2023,               ,3935,6065.12
59072024340,18-08-2023,               ,500,5565.12
59072024340,18-08-2023,               ,2500,3065.12
59072024340,19-08-2023,               ,2937.73,127.39
59072024340,19-08-2023,70000,               ,70127.39
59072024340,19-08-2023,               ,20000,50127.39
59072024340,19-08-2023,               ,20000,30127.39
59072024340,19-08-2023,               ,20000,10127.39
59072024340,19-08-2023,               ,10000,127.39
59072024340,19-08-2023,100,               ,227.39
59072024340,24-08-2023,               ,200,27.39
59072024340,29-08-2023,2000,               ,2027.39
59072024340,29-08-2023,               ,2027,0.39
59072024340,06-09-2023,500,               ,500.39
59072024340,16-09-2023,               ,500,0.39
59072024340,26-09-2023,34,               ,34.39
59072024340,30-09-2023,9,               ,43.39
59072024340,01-10-2023,               ,27,16.39
59072024340,27-10-2023,               ,13.2,3.19
